%YAML:1.0
---
K: !!opencv-matrix
   rows: 3
   cols: 3
   dt: d
   data: [ 3.2880344282853707e+03, 0., 1.6400094115504917e+03, 0.,
       3.3211815550453143e+03, 7.7699043234917269e+02, 0., 0., 1. ]
D: !!opencv-matrix
   rows: 1
   cols: 5
   dt: d
   data: [ 4.2359525273373611e-01, 1.2838696767470725e+00,
       -3.4934341098967855e-02, -9.0329980324131351e-04,
       -5.0947437623918104e+00 ]
